token,VATP
<cls>,94.45067596435547
M,45.28352355957031
T,18.264833450317383
P,14.58234977722168
G,16.27276039123535
T,10.504195213317871
Q,10.164782524108887
S,9.350419044494629
P,8.527381896972656
F,9.78464126586914
F,10.312676429748535
L,11.675239562988281
L,12.752596855163574
L,11.409497261047363
L,12.525477409362793
L,10.324907302856445
T,9.406098365783691
V,8.523330688476562
L,7.2800421714782715
T,6.542129993438721
V,5.887562274932861
V,5.828535079956055
T,5.217113018035889
G,7.048830509185791
S,4.890080451965332
G,5.054649829864502
H,4.3807878494262695
A,5.219532489776611
S,3.3319804668426514
S,3.2321338653564453
T,4.311798095703125
P,2.7561981678009033
G,2.790330648422241
G,2.647844076156616
E,3.070814371109009
K,3.2258360385894775
E,2.888497829437256
T,3.398207187652588
S,2.6325411796569824
A,2.342616558074951
T,3.517831563949585
Q,2.7741801738739014
R,2.3328797817230225
S,2.0340640544891357
S,2.213860034942627
V,1.902177095413208
P,2.071122169494629
S,1.8523178100585938
S,1.9377925395965576
T,3.2998242378234863
E,2.083094358444214
K,1.9348605871200562
N,1.8769197463989258
A,1.8570243120193481
V,1.648177981376648
S,1.8564544916152954
M,1.8069959878921509
T,2.1309268474578857
S,1.4989336729049683
S,1.777451992034912
V,1.4783663749694824
L,1.3769809007644653
S,1.2034889459609985
S,2.1347408294677734
H,1.5597333908081055
S,1.5462640523910522
P,1.401353359222412
G,1.4037535190582275
S,1.3262134790420532
G,1.223381519317627
S,1.335664987564087
S,1.3604962825775146
T,1.401934266090393
T,1.597983479499817
Q,1.5304210186004639
G,1.1861613988876343
Q,1.4595452547073364
D,1.5456318855285645
V,1.0944697856903076
T,1.444275975227356
L,1.1485912799835205
A,0.8759393095970154
P,1.1193732023239136
A,1.0915358066558838
T,1.1406559944152832
E,1.3072354793548584
P,0.7979378700256348
A,0.8205715417861938
S,0.9750757217407227
G,0.9388865828514099
S,0.9160761833190918
A,0.9330236911773682
A,0.8078824877738953
T,1.2591911554336548
W,1.2044620513916016
G,0.8912597894668579
Q,1.1993353366851807
D,1.2589740753173828
V,0.9074237942695618
T,1.0291941165924072
S,0.8619839549064636
V,0.9066034555435181
P,0.8417007923126221
V,1.044867753982544
T,0.79329514503479
R,0.8446240425109863
P,0.613622784614563
A,0.5707736611366272
L,0.7770551443099976
G,0.6585593819618225
S,0.522939920425415
T,0.6324228048324585
T,0.7498443126678467
P,0.5616564750671387
P,0.5083268284797668
A,0.47955313324928284
H,0.6548119783401489
D,1.0514492988586426
V,0.5881462097167969
T,0.6102957129478455
S,0.4928467571735382
A,0.5049067735671997
P,0.4584709703922272
D,0.5859716534614563
N,0.760365903377533
K,0.8743630647659302
P,0.38539958000183105
A,0.399772047996521
P,0.389512300491333
G,0.4178275167942047
S,0.4329832196235657
T,0.5095700025558472
A,0.4377177357673645
P,0.43358027935028076
P,0.4648693799972534
A,0.4225766956806183
H,0.5654128193855286
G,0.4800572395324707
V,0.44259247183799744
T,0.4169110655784607
S,0.35460665822029114
A,0.3377011716365814
P,0.33516600728034973
D,0.4644322693347931
T,0.3006841242313385
R,0.38300585746765137
P,0.3234497010707855
A,0.3343465030193329
P,0.2894047200679779
G,0.3210146427154541
S,0.2992829382419586
T,0.3229062259197235
A,0.2611425220966339
P,0.3116265833377838
Q,0.6504115462303162
A,0.3202418088912964
H,0.4331270754337311
G,0.36789801716804504
V,0.3271516263484955
T,0.3435874283313751
S,0.2958301901817322
A,0.25776174664497375
P,0.24982811510562897
D,0.35702240467071533
T,0.24461603164672852
R,0.33610230684280396
P,0.2612570524215698
A,0.2825595438480377
P,0.25809869170188904
G,0.27947357296943665
S,0.2973886728286743
T,0.31205758452415466
A,0.28428617119789124
P,0.30992886424064636
P,0.413052499294281
A,0.37274596095085144
H,0.5016134977340698
G,0.4054660499095917
V,0.468603253364563
T,0.44742095470428467
S,0.39588621258735657
A,0.32957062125205994
P,0.33016785979270935
D,0.42868831753730774
T,0.3203611671924591
R,0.40154480934143066
P,0.33976680040359497
A,0.3247588872909546
P,0.2955925762653351
G,0.3144696056842804
S,0.39829331636428833
T,0.37574294209480286
A,0.2920008599758148
P,0.2900468111038208
P,0.3508070707321167
A,0.25802165269851685
H,0.4089285433292389
G,0.3416256308555603
V,0.3483280539512634
T,0.31536972522735596
S,0.2770398259162903
A,0.24522903561592102
P,0.25784263014793396
D,0.36746880412101746
T,0.25705739855766296
R,0.3180197775363922
S,0.5607277750968933
A,0.3146401047706604
P,0.23996898531913757
G,0.27232587337493896
S,0.30416154861450195
T,0.28266641497612
A,0.2725255489349365
P,0.2702474892139435
A,0.4786415100097656
A,0.27185168862342834
H,0.39099442958831787
G,0.30891743302345276
V,0.31721821427345276
T,0.3436775803565979
S,0.284425288438797
A,0.2719268202781677
P,0.2811010181903839
D,0.42656293511390686
T,0.31817543506622314
R,0.3548208475112915
S,0.6179253458976746
V,0.5426270365715027
P,0.27237793803215027
G,0.29755479097366333
S,0.3278157413005829
T,0.3532947897911072
A,0.36183837056159973
P,0.35333317518234253
Q,0.71725994348526
A,0.4878481924533844
H,0.5225318074226379
G,0.48603370785713196
V,0.4185386598110199
T,0.4411616921424866
S,0.38309627771377563
A,0.4033043086528778
P,0.3332535922527313
D,0.45592623949050903
T,0.3068559169769287
R,0.35379669070243835
P,0.2845122218132019
A,0.31791576743125916
P,0.26579520106315613
G,0.28673458099365234
S,0.3074953556060791
T,0.3004557490348816
A,0.23670943081378937
P,0.24773505330085754
P,0.3063269555568695
A,0.27532124519348145
H,0.3618609309196472
G,0.32065334916114807
V,0.3123941719532013
T,0.33476224541664124
S,0.25565198063850403
A,0.23356227576732635
P,0.2689996063709259
D,0.32209184765815735
T,0.2535156011581421
R,0.2797325551509857
P,0.3032683730125427
V,0.5146234631538391
P,0.2364194095134735
G,0.2462298423051834
S,0.23905004560947418
T,0.23400524258613586
A,0.19656571745872498
P,0.21200449764728546
P,0.27767693996429443
A,0.21983948349952698
H,0.3210476338863373
G,0.27532556653022766
V,0.2861326038837433
T,0.2907082736492157
S,0.23252105712890625
A,0.2437213659286499
P,0.21714968979358673
D,0.2777976393699646
T,0.22687344253063202
R,0.26198771595954895
P,0.2238897681236267
A,0.23708266019821167
P,0.22076202929019928
G,0.23681499063968658
S,0.23953288793563843
T,0.24307049810886383
A,0.2162836343050003
P,0.23221753537654877
P,0.30663618445396423
A,0.22412371635437012
H,0.31960082054138184
G,0.2754250764846802
V,0.3184313476085663
T,0.2782943844795227
S,0.252814918756485
A,0.23142509162425995
P,0.22352105379104614
D,0.25188586115837097
T,0.21011756360530853
R,0.24561308324337006
P,0.23560187220573425
A,0.25795063376426697
P,0.24185296893119812
G,0.2720731198787689
S,0.3227163255214691
T,0.33245810866355896
A,0.38567036390304565
P,0.347795307636261
Q,0.5835933685302734
A,0.3206658959388733
H,0.44066348671913147
G,0.40287142992019653
V,0.4559750556945801
T,0.4088534414768219
S,0.3678770959377289
A,0.3024837374687195
P,0.3413982689380646
D,0.4450707733631134
T,0.4035355746746063
R,0.38214483857154846
P,0.3529333472251892
A,0.36843717098236084
P,0.3151247799396515
G,0.28313779830932617
S,0.31095582246780396
T,0.3565174639225006
A,0.2890543043613434
P,0.2744971215724945
P,0.3396950364112854
A,0.26410654187202454
H,0.36972352862358093
G,0.30325260758399963
V,0.3060119152069092
T,0.3055255711078644
S,0.2653278708457947
A,0.23485763370990753
P,0.26019206643104553
D,0.33488330245018005
T,0.277495414018631
R,0.2840830087661743
P,0.2174520194530487
A,0.2268112599849701
P,0.20126552879810333
G,0.2009442299604416
S,0.22687385976314545
T,0.21222175657749176
A,0.19306880235671997
P,0.19701163470745087
P,0.24712979793548584
A,0.22204278409481049
H,0.3210987150669098
G,0.2673701047897339
V,0.27184197306632996
T,0.2336401641368866
S,0.21790184080600739
A,0.21135689318180084
P,0.2026243656873703
D,0.24927634000778198
T,0.20769411325454712
R,0.2565158009529114
P,0.23223817348480225
A,0.2403816282749176
P,0.23320482671260834
G,0.2473721206188202
S,0.2616404891014099
T,0.2335158735513687
A,0.1982109546661377
P,0.22421762347221375
A,0.42986705899238586
A,0.23130321502685547
H,0.3203392028808594
G,0.25563326478004456
V,0.24885235726833344
T,0.2508920431137085
S,0.2282862514257431
A,0.1961088627576828
P,0.20946194231510162
D,0.22641511261463165
T,0.18594735860824585
R,0.2215031534433365
P,0.2037283182144165
A,0.21229679882526398
P,0.20250189304351807
G,0.21199393272399902
S,0.22064779698848724
T,0.20911166071891785
A,0.18212884664535522
P,0.1871606707572937
Q,0.3851834237575531
A,0.18448913097381592
H,0.26957499980926514
G,0.2102764993906021
V,0.2557787001132965
T,0.23963415622711182
S,0.22116217017173767
A,0.19550040364265442
P,0.2001200020313263
D,0.20748430490493774
T,0.18124383687973022
R,0.20734786987304688
P,0.1829942911863327
A,0.1967753916978836
P,0.20362026989459991
G,0.21005754172801971
S,0.23897217214107513
T,0.23345313966274261
A,0.22525902092456818
P,0.23147837817668915
P,0.27751627564430237
A,0.23236943781375885
H,0.3306291997432709
G,0.28700900077819824
V,0.3396141231060028
T,0.38210529088974
S,0.3391058146953583
A,0.25530654191970825
P,0.30138954520225525
D,0.3415023982524872
T,0.3034876585006714
R,0.3828212320804596
P,0.3299499750137329
A,0.31508341431617737
P,0.27800315618515015
G,0.27958914637565613
S,0.32610490918159485
T,0.33219048380851746
A,0.2997187376022339
P,0.28925302624702454
P,0.302571564912796
A,0.2512792646884918
H,0.3466933071613312
G,0.2726616859436035
V,0.2774840295314789
T,0.2937879264354706
S,0.2432897537946701
A,0.24567842483520508
P,0.22369897365570068
D,0.2762735188007355
T,0.30472347140312195
R,0.30201461911201477
P,0.22887630760669708
A,0.24435842037200928
P,0.23316609859466553
G,0.20778478682041168
S,0.24485258758068085
T,0.2457910031080246
A,0.22342516481876373
P,0.20829655230045319
P,0.24964667856693268
A,0.23207862675189972
H,0.29544323682785034
G,0.24930740892887115
V,0.27725517749786377
T,0.24915054440498352
S,0.21473346650600433
A,0.1895867884159088
P,0.18375469744205475
D,0.21664203703403473
T,0.18573619425296783
R,0.21368947625160217
P,0.19405047595500946
A,0.225967675447464
P,0.1610630303621292
G,0.1790759414434433
S,0.209011971950531
T,0.19882550835609436
A,0.1854393035173416
P,0.21220654249191284
A,0.41031378507614136
A,0.21275316178798676
H,0.2525768578052521
G,0.22230331599712372
V,0.22120346128940582
T,0.23408164083957672
S,0.21330589056015015
A,0.1594606190919876
P,0.16615940630435944
D,0.2043125331401825
T,0.1604747474193573
R,0.18886888027191162
P,0.17340709269046783
A,0.1831788271665573
P,0.15481309592723846
G,0.1696152687072754
S,0.1892756074666977
T,0.17737750709056854
A,0.18854087591171265
P,0.17974354326725006
Q,0.3351457715034485
A,0.1694643497467041
H,0.2233644723892212
G,0.18570251762866974
V,0.22541876137256622
T,0.2360929399728775
S,0.18810218572616577
A,0.1753547340631485
P,0.18544527888298035
D,0.2032564878463745
T,0.18236568570137024
R,0.19400030374526978
P,0.17507947981357574
A,0.1753971427679062
P,0.16370221972465515
G,0.1609886884689331
S,0.18157871067523956
T,0.1756877601146698
A,0.15898947417736053
P,0.16467134654521942
P,0.20806778967380524
A,0.16191060841083527
H,0.2164054960012436
G,0.18400782346725464
V,0.1867319941520691
T,0.18659941852092743
S,0.1794378161430359
A,0.15584403276443481
P,0.1683858335018158
D,0.19829879701137543
T,0.17396031320095062
R,0.19306892156600952
P,0.17434187233448029
A,0.19337086379528046
P,0.1667570024728775
G,0.15623944997787476
S,0.18252842128276825
T,0.17086875438690186
A,0.1810358315706253
P,0.1844361126422882
P,0.22369571030139923
A,0.18071553111076355
H,0.2462209165096283
G,0.1877330094575882
V,0.19699132442474365
T,0.1800447553396225
S,0.18588665127754211
A,0.1860440969467163
P,0.17223338782787323
D,0.19835211336612701
T,0.187852144241333
R,0.22082184255123138
P,0.19561205804347992
A,0.21005608141422272
P,0.20062920451164246
G,0.19961793720722198
S,0.22797876596450806
T,0.24432286620140076
A,0.2438564896583557
P,0.22671236097812653
P,0.26126670837402344
T,0.38813671469688416
H,0.31201720237731934
G,0.29745540022850037
V,0.3576856553554535
T,0.29467934370040894
S,0.3026646077632904
A,0.25693225860595703
P,0.2651631534099579
D,0.31515035033226013
T,0.2995623052120209
S,0.4876817762851715
P,0.26650407910346985
A,0.2879500091075897
P,0.26201608777046204
G,0.3160180449485779
S,0.31831100583076477
T,0.30201664566993713
A,0.25174736976623535
P,0.2326972931623459
P,0.2599639296531677
A,0.2532530426979065
H,0.34107133746147156
G,0.3215591311454773
V,0.27769604325294495
T,0.2961265742778778
S,0.2782638370990753
A,0.21915081143379211
P,0.21912333369255066
D,0.26342523097991943
T,0.2300829291343689
R,0.2528846263885498
P,0.19041427969932556
A,0.20321698486804962
P,0.1773611456155777
G,0.21685536205768585
Y,0.3974399268627167
T,0.2343580424785614
A,0.22120143473148346
P,0.2165897786617279
A,0.3793577253818512
A,0.20043544471263885
H,0.28848689794540405
G,0.2424517571926117
V,0.22795718908309937
T,0.25677329301834106
S,0.25730088353157043
A,0.19880807399749756
P,0.22119185328483582
D,0.2595071494579315
T,0.226328507065773
R,0.25932005047798157
P,0.2010178565979004
A,0.22176268696784973
P,0.20082731544971466
G,0.22373004257678986
S,0.2642550468444824
T,0.221055269241333
A,0.19891154766082764
P,0.20856089890003204
Q,0.37576866149902344
A,0.20380254089832306
H,0.261518269777298
G,0.20928554236888885
V,0.20023612678050995
T,0.2087455540895462
S,0.21218591928482056
A,0.19364984333515167
P,0.18264907598495483
D,0.20330694317817688
T,0.1897798329591751
R,0.24102355539798737
P,0.1938994973897934
A,0.21449477970600128
P,0.18936772644519806
G,0.18409527838230133
S,0.20580999553203583
T,0.19696876406669617
A,0.17899391055107117
P,0.18635796010494232
P,0.25087350606918335
A,0.19634497165679932
H,0.3127630054950714
G,0.20107990503311157
V,0.19981983304023743
T,0.21297800540924072
S,0.19088353216648102
A,0.18218888342380524
P,0.1846095323562622
D,0.21086283028125763
T,0.19684939086437225
R,0.2250678688287735
P,0.19615691900253296
A,0.2020644098520279
P,0.1855650395154953
G,0.202151358127594
S,0.21011732518672943
T,0.21761713922023773
A,0.18905304372310638
P,0.19609373807907104
P,0.23758476972579956
A,0.19494938850402832
H,0.28271201252937317
G,0.2433774322271347
V,0.23482146859169006
T,0.27793005108833313
S,0.23443534970283508
A,0.20008593797683716
P,0.2055656462907791
D,0.25444066524505615
T,0.22455532848834991
R,0.26939743757247925
P,0.20502972602844238
A,0.2552420496940613
P,0.21737748384475708
G,0.24898099899291992
S,0.25654467940330505
T,0.25652673840522766
A,0.20014061033725739
P,0.19938816130161285
P,0.23640170693397522
A,0.205890953540802
H,0.26370134949684143
G,0.22228597104549408
V,0.2326439917087555
T,0.3107651174068451
S,0.23516154289245605
A,0.20575454831123352
P,0.19808998703956604
E,0.31788185238838196
S,0.29481709003448486
R,0.26371511816978455
P,0.19819386303424835
A,0.20649117231369019
P,0.17710749804973602
G,0.20369042456150055
S,0.23367692530155182
T,0.22792266309261322
A,0.24290801584720612
R,0.3712082803249359
A,0.39129531383514404
A,0.19836178421974182
H,0.23840627074241638
G,0.21542121469974518
V,0.20416148006916046
T,0.2454816699028015
S,0.24653539061546326
A,0.23103611171245575
P,0.22072890400886536
E,0.30886945128440857
S,0.2785404920578003
R,0.2406381368637085
P,0.1827739179134369
A,0.21165864169597626
P,0.19294346868991852
G,0.20959441363811493
S,0.2188188135623932
T,0.23005855083465576
A,0.2335682511329651
P,0.22473111748695374
P,0.2713039219379425
A,0.2401568740606308
H,0.2456061691045761
G,0.2393677830696106
V,0.2195207178592682
T,0.20857039093971252
S,0.21009039878845215
A,0.21160273253917694
P,0.2039175033569336
D,0.22023236751556396
T,0.21134118735790253
R,0.2681520879268646
P,0.20462751388549805
A,0.2548193335533142
P,0.22720754146575928
G,0.22659707069396973
S,0.24634911119937897
T,0.24001550674438477
A,0.2601412832736969
P,0.2682286202907562
P,0.30564260482788086
A,0.297039657831192
H,0.33779942989349365
G,0.3227575719356537
V,0.3238832950592041
T,0.3833950459957123
S,0.34914207458496094
A,0.3208763301372528
P,0.35924527049064636
D,0.40022751688957214
T,0.38725027441978455
R,0.5418707132339478
P,0.470614492893219
A,0.38843145966529846
P,0.41507449746131897
G,0.40369656682014465
S,0.5129331350326538
T,0.4531116485595703
A,0.5278419852256775
P,0.48010435700416565
P,0.4078458547592163
A,0.4607927203178406
H,0.5354434251785278
G,0.46635881066322327
V,0.5227392315864563
T,0.5505071878433228
S,0.47777238488197327
A,0.3941020667552948
P,0.4166547656059265
D,0.4101293087005615
T,0.38550201058387756
R,0.4636504054069519
P,0.36966672539711
A,0.38759440183639526
P,0.40615060925483704
G,0.42439547181129456
S,0.469483882188797
T,0.48429805040359497
A,0.4309895634651184
P,0.38734573125839233
P,0.4005011022090912
A,0.37300556898117065
H,0.4699877202510834
G,0.4105699360370636
V,0.3476718068122864
T,0.3480631411075592
S,0.33926182985305786
A,0.28629863262176514
P,0.31826052069664
D,0.3223734200000763
T,0.31203439831733704
R,0.3740631937980652
P,0.29877808690071106
A,0.304630309343338
P,0.33718398213386536
G,0.32732081413269043
S,0.38704952597618103
T,0.3486717939376831
A,0.2919244170188904
P,0.33583053946495056
P,0.34879401326179504
A,0.3089390993118286
H,0.3563134968280792
G,0.31700336933135986
V,0.2807033061981201
T,0.34688666462898254
S,0.3591569662094116
A,0.30822765827178955
P,0.3617105782032013
D,0.4728220999240875
T,0.33633488416671753
R,0.3892744183540344
P,0.3693704605102539
S,0.582795262336731
P,0.4186337888240814
P,0.32283324003219604
G,0.3650549650192261
S,0.3141518831253052
T,0.3272596597671509
A,0.29308128356933594
P,0.32483503222465515
P,0.34823447465896606
A,0.282375693321228
H,0.31913673877716064
G,0.29111579060554504
V,0.28817442059516907
T,0.31384649872779846
S,0.25651562213897705
A,0.22457870841026306
P,0.22422043979167938
D,0.27427759766578674
T,0.2349105179309845
R,0.3173038065433502
P,0.2208394855260849
A,0.23093032836914062
P,0.22951515018939972
G,0.23197762668132782
S,0.2499193251132965
T,0.2533348798751831
A,0.22022497653961182
P,0.23790128529071808
P,0.26821160316467285
V,0.42011764645576477
H,0.26677456498146057
G,0.2586177885532379
V,0.24583883583545685
T,0.28355875611305237
S,0.25630462169647217
A,0.22454169392585754
P,0.24480170011520386
D,0.294708251953125
T,0.24729099869728088
R,0.3745024800300598
P,0.2751653790473938
A,0.26064783334732056
P,0.26280680298805237
G,0.2560313045978546
S,0.26269322633743286
T,0.2782282531261444
A,0.22942891716957092
P,0.25249263644218445
P,0.266149640083313
A,0.21921563148498535
H,0.2736416459083557
G,0.2462194412946701
V,0.2504943609237671
T,0.25206416845321655
S,0.24321028590202332
A,0.22934499382972717
P,0.21508388221263885
D,0.24269774556159973
T,0.21766139566898346
R,0.31733331084251404
P,0.2402166724205017
A,0.24585790932178497
P,0.24416571855545044
G,0.2566148340702057
S,0.2786547541618347
T,0.3007553517818451
A,0.2551148235797882
P,0.25889840722084045
P,0.2864990234375
A,0.2664313316345215
H,0.3212914764881134
G,0.31793412566185
V,0.34883227944374084
T,0.3217983841896057
S,0.31643784046173096
A,0.2699681222438812
P,0.2720886468887329
D,0.33044424653053284
T,0.2764633595943451
R,0.39074233174324036
P,0.2829707860946655
A,0.2781277894973755
P,0.28447458148002625
G,0.32939860224723816
S,0.3443759083747864
T,0.3298496603965759
A,0.31601011753082275
P,0.34921470284461975
P,0.3243964910507202
A,0.2777157127857208
H,0.316679984331131
G,0.29979243874549866
V,0.27821084856987
T,0.31126144528388977
S,0.2776176333427429
A,0.26540514826774597
P,0.26557275652885437
D,0.3501889407634735
T,0.25217151641845703
R,0.3628734052181244
R,0.4768258333206177
A,0.2596116364002228
P,0.2546495497226715
G,0.2730015218257904
S,0.29029741883277893
T,0.3735344707965851
P,0.3456766605377197
A,0.28121307492256165
P,0.2708999514579773
G,0.2667613625526428
S,0.27707451581954956
T,0.27482712268829346
A,0.26862868666648865
P,0.26215270161628723
P,0.2790626883506775
A,0.26316043734550476
H,0.3184688985347748
G,0.30270272493362427
V,0.29762476682662964
T,0.3095362186431885
S,0.29516151547431946
A,0.2987387776374817
P,0.279585599899292
D,0.3767845928668976
T,0.27643999457359314
R,0.41577446460723877
P,0.2867446839809418
A,0.3156566023826599
P,0.322626531124115
G,0.3171871304512024
S,0.3234413266181946
T,0.3054366111755371
A,0.3033226728439331
P,0.32037416100502014
P,0.33623355627059937
A,0.3004474341869354
H,0.33044886589050293
G,0.3346565365791321
V,0.33185014128685
T,0.34512972831726074
S,0.3625510036945343
A,0.34337544441223145
P,0.358752578496933
D,0.4280773997306824
N,0.5868290066719055
R,0.49715107679367065
P,0.3741742968559265
A,0.3446442782878876
L,0.5094834566116333
G,0.33413317799568176
S,0.33659154176712036
T,0.33574846386909485
A,0.3318748474121094
P,0.36942359805107117
P,0.39245057106018066
V,0.5675365328788757
H,0.46694010496139526
N,0.6175014972686768
V,0.43761754035949707
T,0.5127175450325012
S,0.5026097297668457
A,0.41548800468444824
S,0.5205872654914856
G,0.4935433566570282
S,0.48733800649642944
A,0.5160065293312073
S,0.5930910110473633
G,0.5323057174682617
S,0.6058527231216431
A,0.6016401648521423
S,0.6786056756973267
T,0.8706415295600891
L,1.1112562417984009
V,0.7478620409965515
H,0.7455787658691406
N,0.8791865110397339
G,0.7891746163368225
T,0.9673932790756226
S,0.9905429482460022
A,0.6999130845069885
R,0.9531251788139343
A,0.8118388652801514
T,0.8254141807556152
T,1.1468183994293213
T,1.2652713060379028
P,1.1253091096878052
A,0.8865154385566711
S,0.9510225653648376
K,1.1521620750427246
S,1.1222816705703735
T,1.6757315397262573
P,1.688281774520874
F,1.0629377365112305
S,1.0013080835342407
I,1.2296671867370605
P,1.214644193649292
S,1.3505864143371582
H,1.3461881875991821
H,1.204506754875183
S,0.972220242023468
D,1.139231562614441
T,1.2990875244140625
P,1.4896515607833862
T,1.701495885848999
T,1.8973389863967896
L,1.217437744140625
A,0.9227055907249451
S,0.9519874453544617
H,1.1532621383666992
S,1.0177409648895264
T,1.2964953184127808
K,1.0806905031204224
T,1.1550647020339966
D,1.1267964839935303
A,1.1320868730545044
S,1.3882211446762085
<eos>,5.843836307525635
